name: MRPP
channels:
  - willyd
  - conda-forge
  - defaults
dependencies:
  - bzip2=1.0.8=h8ffe710_4
  - ca-certificates=2023.7.22=h56e8100_0
  - colorama=0.4.6=pyhd8ed1ab_0
  - intel-openmp=2022.1.0=h57928b3_3787
  - libblas=3.9.0=16_win64_mkl
  - libcblas=3.9.0=16_win64_mkl
  - libffi=3.4.2=h8ffe710_5
  - liblapack=3.9.0=16_win64_mkl
  - libsqlite=3.40.0=hcfcfb64_0
  - libzlib=1.2.13=hcfcfb64_4
  - mkl=2022.1.0=h6a75c08_874
  - numpy=1.23.4=py311h95d790f_1
  - openssl=3.0.7=hcfcfb64_0
  - pip=22.3.1=pyhd8ed1ab_0
  - python=3.11.0=hcf16a7b_0_cpython
  - python_abi=3.11=2_cp311
  - setuptools=65.5.1=pyhd8ed1ab_0
  - tbb=2021.7.0=h91493d7_0
  - tk=8.6.12=h8ffe710_0
  - tqdm=4.66.1=pyhd8ed1ab_0
  - tzdata=2022f=h191b570_0
  - ucrt=10.0.22621.0=h57928b3_0
  - vc=14.3=h3d8a991_9
  - vs2015_runtime=14.32.31332=h1d6e394_9
  - wheel=0.38.4=pyhd8ed1ab_0
  - xz=5.2.6=h8d14728_0
  - pip:
      - zstandard==0.21.0
      - zstd==1.5.5.1
prefix: C:\Users\Valera\anaconda3\envs\MRPP
